CU, 1, 6.382621943950653, 4.993467092514038, 9.403997838497162 
CU, 2, 0.27398863434791565, 4.982754230499268, 11.797571778297424 
CU, 3, 0.9172229170799255, 4.983709335327148, 6.6924649477005005 
CU, 4, -4.753486156463623, 4.973613262176514, 4.967488169670105 
CU, 5, -3.2442157171899453, 4.976190447807312, 0.1650685005588457 
CU, 6, 0.9415680564707145, 4.983673930168152, -2.9332290581660345 
CU, 7, 9.613933444023132, 4.99906051158905, 3.288915731012821 
CU, 8, -6.661718398332596, 4.970430374145508, 9.764941155910492 
CU, 9, -9.748925924301147, 4.964851260185242, -3.0164090991020203 
CU, 10, 8.976221054792404, 4.998003959655762, -4.0788567289710045 
CU, 11, -10.609740734100342, 4.96333920955658, 4.222098767757416 
CU, 12, -4.520298600196838, 4.97419536113739, -8.729912042617798 
CU, 13, 4.0157084465026855, 4.989351034164429, -11.185097992420197 
CU, 14, 2.2782102919882163, 4.985930562019348, 1.9643494196934626 
CU, 15, 7.072472929954529, 15.004576206207275, 9.35872095823288 
CU, 16, 1.0315927863121033, 14.984638929367065, 12.0927894115448 
CU, 17, 1.2922879606485367, 14.986006498336792, 6.698034167289734 
CU, 18, -4.6406770795583725, 14.966876983642578, 5.051844969391823 
CU, 19, -3.179981728666462, 14.971601366996765, -0.09085554629564285 
CU, 20, 1.2554968245094642, 14.985861897468567, -3.2582535296678543 
CU, 21, 10.082895636558533, 15.014814019203186, 3.157197304069996 
CU, 22, -6.294822692871094, 14.96125078201294, 10.313526093959808 
CU, 23, -9.866261780261993, 14.950368285179138, -3.3876219242811203 
CU, 24, 9.509054899215698, 15.012943267822266, -4.169563822448254 
CU, 25, -10.745668172836304, 14.94752848148346, 4.485310509800911 
CU, 26, -4.099387526512146, 14.968326210975647, -9.34489357471466 
CU, 27, 4.833359062671661, 14.997025966644287, -11.446217477321625 
CU, 28, 2.5076474345987663, 14.989926218986511, 1.7803289145231247 
CU, 29, 7.542203783988953, 25.054768800735474, 9.22463709115982 
CU, 30, 1.6467121541500092, 25.045658349990845, 12.188488602638245 
CU, 31, 1.5769429951906204, 25.046066761016846, 6.633718192577362 
CU, 32, -4.499310120940208, 25.037166595458984, 5.07122065871954 
CU, 33, -3.094023598358035, 25.039283275604248, -0.30252132564783096 
CU, 34, 1.51452642865479, 25.045957565307617, -3.493538089096546 
CU, 35, 10.353679239749908, 25.059358835220337, 3.0247083231806755 
CU, 36, -5.892855137586594, 25.03473448753357, 10.658225417137146 
CU, 37, -9.843415707349777, 25.029496669769287, -3.671871818602085 
CU, 38, 9.848624020814896, 25.05855631828308, -4.202902860939503 
CU, 39, -10.730661749839783, 25.0281879901886, 4.6692264303565025 
CU, 40, -3.6718303859233856, 25.03799605369568, -9.755295395851135 
CU, 41, 5.457822144031525, 25.051378965377808, -11.527513563632965 
CU, 42, 2.66308500058949, 25.047741174697876, 1.6153198406100273 
CU, 43, 7.783305823802948, 35.12599849700928, 9.022733807563782 
CU, 44, 2.073388859629631, 35.13948202133179, 12.10488224029541 
CU, 45, 1.7614071518182755, 35.139711141586304, 6.511258095502853 
CU, 46, -4.341746732592583, 35.153664112091064, 5.027868866920471 
CU, 47, -2.9918431490659714, 35.1506233215332, -0.4522969350218773 
CU, 48, 1.695306971669197, 35.13993430137634, -3.6228347942233086 
CU, 49, 10.427432835102081, 35.11949443817139, 2.8992038667201996 
CU, 50, -5.512822166085243, 35.15654730796814, 10.782765507698059 
CU, 51, -9.699206590652466, 35.16529846191406, -3.8417550027370453 
CU, 52, 9.982660800218582, 35.12048077583313, -4.178862065076828 
CU, 53, -10.583106696605682, 35.167320251464844, 4.755564898252487 
CU, 54, -3.296688348054886, 35.151511669158936, -9.937791883945465 
CU, 55, 5.847146779298782, 35.13077402114868, -11.444431960582733 
CU, 56, 2.7445845752954483, 35.13760328292847, 1.4807758703827858 
CU, 57, 7.791429162025452, 45.20100164413452, 8.767325341701508 
CU, 58, 2.279876232147217, 45.241443157196045, 11.860509037971497 
CU, 59, 1.8375429660081863, 45.24245500564575, 6.3394652009010315 
CU, 60, -4.180384501814842, 45.284480571746826, 4.9237939566373825 
CU, 61, -2.8824113309383392, 45.27541923522949, -0.5282639265060425 
CU, 62, 1.7757058143615723, 45.24314498901367, -3.6363736540079117 
CU, 63, 10.303898096084595, 45.181575775146484, 2.785134881734848 
CU, 64, -5.202627778053284, 45.29295015335083, 10.678496241569519 
CU, 65, -9.455279409885406, 45.31959629058838, -3.87700517475605 
CU, 66, 9.901234805583954, 45.18444347381592, -4.0987867414951324 
CU, 67, -10.323613464832306, 45.32568120956421, 4.730023965239525 
CU, 68, -3.0239791721105576, 45.27780866622925, -9.87913304567337 
CU, 69, 5.972461238503456, 45.215211391448975, -11.212004244327545 
CU, 70, 2.74906262755394, 45.23629331588745, 1.3836673349142075 
CU, 71, 7.5651450753211975, 55.26301717758179, 8.466565012931824 
CU, 72, 2.2489118427038193, 55.328126430511475, 11.468078374862671 
CU, 73, 1.8001878261566162, 55.329787731170654, 6.123869389295578 
CU, 74, -4.024376571178436, 55.39744234085083, 4.760759234428406 
CU, 75, -2.772983565926552, 55.382863998413086, -0.5238339975476265 
CU, 76, 1.7415370643138885, 55.33090019226074, -3.529453329741955 
CU, 77, 9.983087182044983, 55.23174476623535, 2.6848706752061844 
CU, 78, -4.992877498269081, 55.41107797622681, 10.342903435230255 
CU, 79, -9.128339946269989, 55.45401954650879, -3.7664670646190643 
CU, 80, 9.598985344171524, 55.23634958267212, -3.964037999510765 
CU, 81, -9.968394935131073, 55.46381664276123, 4.584845334291458 
CU, 82, -2.884993851184845, 55.38670301437378, -9.574323773384094 
CU, 83, 5.818736732006073, 55.285876750946045, -10.840943396091461 
CU, 84, 2.673861190676689, 55.319886684417725, 1.327830709517002 
CU, 85, 7.105217337608337, 65.29565954208374, 8.122301757335663 
CU, 86, 1.9788993299007416, 65.37678003311157, 10.931601405143738 
CU, 87, 1.6479525417089462, 65.37764835357666, 5.865959048271179 
CU, 88, -3.8772003799676895, 65.46094799041748, 4.539867654442787 
CU, 89, -2.6669274009764194, 65.44263219833374, -0.4390198662877083 
CU, 90, 1.5898447297513485, 65.37896919250488, -3.3029248118400574 
CU, 91, 9.465419471263885, 65.2563328742981, 2.598588488996029 
CU, 92, -4.889239817857742, 65.47887563705444, 9.77870762348175 
CU, 93, -8.724397033452988, 65.53092193603516, -3.510276421904564 
CU, 94, 9.075814545154572, 65.26237487792969, -3.7755558267235756 
CU, 95, -9.52350515127182, 65.54301500320435, 4.32037515938282 
CU, 96, -2.8851571828126907, 65.44876527786255, -9.025846600532532 
CU, 97, 5.385192111134529, 65.3245120048523, -10.334781348705292 
CU, 98, 2.5174100063741207, 65.36477088928223, 1.3133233189582825 
CU, 99, 6.414675056934357, 75.28275394439697, 7.729043960571289 
CU, 100, 1.4859221875667572, 75.36449527740479, 10.244323492050171 
CU, 101, 1.3840117305517197, 75.36288547515869, 5.562397748231888 
CU, 102, -3.735132113099098, 75.44477558135986, 4.2612669840455055 
CU, 103, -2.561624428257346, 75.42597770690918, -0.28088825941085815 
CU, 104, 1.3321892265230417, 75.36400318145752, -2.9631484672427177 
CU, 105, 8.752151131629944, 75.2423038482666, 2.524178668856621 
CU, 106, -4.867873936891556, 75.46474552154541, 8.993838489055634 
CU, 107, -8.235462725162506, 75.51418876647949, -3.1212455555796623 
CU, 108, 8.338148057460785, 75.2490119934082, -3.533337965607643 
CU, 109, -8.982000410556793, 75.52615928649902, 3.946119613945484 
CU, 110, -2.9987449645996094, 75.43491554260254, -8.243803441524506 
CU, 111, 4.687324941158295, 75.31257629394531, -9.68808650970459 
CU, 112, 2.2805443201214075, 75.34874820709229, 1.33637223392725 
CU, 113, 5.500510543584824, 85.20782375335693, 7.271743535995483 
CU, 114, 0.8082752674818039, 85.26706409454346, 9.388555407524109 
CU, 115, 1.0167874246835709, 85.2634744644165, 5.204158514738083 
CU, 116, -3.587303653359413, 85.32079029083252, 3.924034096300602 
CU, 117, -2.451143319660332, 85.30679702758789, -0.06559986621141434 
CU, 118, 0.9918014752329327, 85.26394462585449, -2.525006450712681 
CU, 119, 7.844450354576111, 85.17758178710938, 2.4560631588101387 
CU, 120, -4.874626561999321, 85.33709144592285, 8.00359332561493 
CU, 121, -7.642145335674286, 85.36999893188477, -2.6262628957629204 
CU, 122, 7.398396044969559, 85.18302631378174, -3.2375127598643303 
CU, 123, -8.325544893741608, 85.37849140167236, 3.4813837483525276 
CU, 124, -3.169246792793274, 85.31593894958496, -7.249371290206909 
CU, 125, 3.760729432106018, 85.23012447357178, -8.886954128742218 
CU, 126, 1.9642481851042248, 85.25203609466553, 1.387429229915142 
CU, 127, 4.489149287343025, 95.0763750076294, 6.645739793777466 
CU, 128, 0.17034192383289337, 95.09695720672607, 8.323388934135437 
CU, 129, 0.6407336220145226, 95.09496307373047, 4.727748900651932 
CU, 130, -3.355288080871105, 95.11423969268799, 3.505845032632351 
CU, 131, -2.286993336805608, 95.10925579071045, 0.12680189352249727 
CU, 132, 0.6600570334703662, 95.09499073028564, -2.059088740090374 
CU, 133, 6.780961900949478, 95.06555271148682, 2.3288562931120396 
CU, 134, -4.714405506849289, 95.1204605102539, 6.876895844936371 
CU, 135, -6.875925749540329, 95.13099002838135, -2.1161336675286293 
CU, 136, 6.327620789408684, 95.06761932373047, -2.877978976815939 
CU, 137, -7.483438730239868, 95.13389015197754, 2.9721142575144768 
CU, 138, -3.2037599831819534, 95.11324787139893, -6.142980247735977 
CU, 139, 2.8112530261278152, 95.08432483673096, -7.892061829566956 
CU, 140, 1.608126449456904, 95.09060764312744, 1.3950707581243478 
SI, 1, -5.752344131469727, 95.11238288879395, 13.655372440814972 
SI, 2, -22.8334379196167, 95.03558540344238, -14.840469300746918 
SI, 3, -10.846442937850952, 95.11175346374512, -12.660913407802582 
SI, 4, -10.789869666099548, 95.17045402526855, -4.939231798052787 
SI, 5, -10.7355295419693, 95.03532600402832, -25.165464162826538 
SI, 6, 7.49918831884861, 95.0353775024414, -28.51281452178955 
SI, 7, 37.89653038978577, 95.0345048904419, -18.399955689907074 
SI, 8, 19.863253951072693, 95.03529739379883, -22.478918612003326 
SI, 9, 13.642137289047241, 95.10196208953857, -8.375947296619415 
SI, 10, 75.04009342193604, 95.00848293304443, 75.65533685684204 
SI, 11, 74.72996854782104, 95.00850677490234, -73.90545463562012 
SI, 12, 5.078078031539917, 95.13257884979248, 13.022005915641785 
SI, 13, -72.54423427581787, 95.00904560089111, -73.93579053878784 
SI, 14, -2.1382027715444565, 95.03516101837158, -28.163583517074585 
SI, 15, -18.7464998960495, 95.03718280792236, 11.767820417881012 
SI, 16, -75.91295337677002, 95.00908470153809, 75.65527248382568 
SI, 17, 23.161110997200012, 95.0325517654419, 8.617205083370209 
SI, 18, -11.286821842193604, 95.17214107513428, 4.300097182393075 
SI, 19, -8.403461217880249, 95.03437519073486, 26.426059365272522 
SI, 20, -3.0259933471679688, 95.13498878479004, -14.98974895477295 
SI, 21, -28.46358299255371, 95.03578567504883, -6.088319569826126 
SI, 22, 4.722050100564957, 95.05875873565674, -18.68237590789795 
SI, 23, 13.298674464225769, 95.10017776489258, 4.136287987232208 
SI, 24, 23.70863711833954, 95.01727199554443, 75.82533073425293 
SI, 25, -18.583751797676086, 95.03712558746338, 1.199854388833046 
SI, 26, -27.244409680366516, 95.01787376403809, 75.82526636123657 
SI, 27, 23.395227015018463, 95.03460121154785, -42.40071368217468 
SI, 28, 74.61092185974121, 95.01700401306152, 27.476789593696594 
SI, 29, -73.4523491859436, 95.01815795898438, -23.37349508702755 
SI, 30, -16.100223779678345, 95.03532409667969, -7.395300254225731 
SI, 31, -21.923427641391754, 95.01780700683594, -75.85669279098511 
SI, 32, -34.86193084716797, 95.03605270385742, 5.406282588839531 
SI, 33, 25.350775182247162, 95.01726818084717, -75.82635688781738 
SI, 34, -76.82106828689575, 95.01819705963135, 26.217567935585976 
SI, 35, 25.39440882205963, 95.03364372253418, 32.77763330936432 
SI, 36, 74.30079698562622, 95.01702785491943, -22.084001898765564 
SI, 37, -17.15278172492981, 95.03552532196045, -20.457654237747192 
SI, 38, -28.258710145950317, 95.03583335876465, -28.463558197021484 
SI, 39, -34.18907272815704, 95.03592300415039, 31.085323110222816 
SI, 40, -7.446612849831581, 95.03534507751465, -38.187981367111206 
SI, 41, -21.714250802993774, 95.03568267822266, -36.910157203674316 
SI, 42, 3.157354637980461, 95.03507709503174, -43.291154861450195 
SI, 43, -14.56618720293045, 95.03551387786865, -47.36526918411255 
SI, 44, -40.4653525352478, 95.03614044189453, -16.438690021634102 
SI, 45, -5.47391015291214, 85.21844673156738, 15.041615843772888 
SI, 46, -22.655728101730347, 85.08911895751953, -14.837837517261505 
SI, 47, -10.754170000553131, 85.21860122680664, -13.795995116233826 
SI, 48, -11.434774577617645, 85.35460758209229, -5.52392838895321 
SI, 49, -10.162794470787048, 85.09068393707275, -26.071929216384888 
SI, 50, 8.433010518550873, 85.08972930908203, -28.902991771697998 
SI, 51, 38.62390112876892, 85.08791160583496, -18.356781005859375 
SI, 52, 20.850971221923828, 85.09052085876465, -22.704812169075012 
SI, 53, 15.00991952419281, 85.17677688598633, -8.742827892303467 
SI, 54, 75.10567331314087, 85.02134895324707, 75.69131183624268 
SI, 55, 74.82149362564087, 85.02143383026123, -73.87990188598633 
SI, 56, 5.792161166667938, 85.24950408935547, 14.144935846328735 
SI, 57, -72.50502490997314, 85.02279949188232, -73.86636543273926 
SI, 58, -1.3016316294670105, 85.08845329284668, -28.715725898742676 
SI, 59, -18.4514741897583, 85.09574222564697, 12.897852420806885 
SI, 60, -75.89410448074341, 85.02284812927246, 75.72286939620972 
SI, 61, 23.923150062561035, 85.07918930053711, 9.089638233184814 
SI, 62, -11.798864781856537, 85.36048316955566, 5.223240152001379 
SI, 63, -8.156887233257294, 85.08500576019287, 27.26640248298645 
SI, 64, -2.271240770816803, 85.26108741760254, -16.201733112335205 
SI, 65, -28.203346014022827, 85.08994007110596, -5.390030473470688 
SI, 66, 5.897059917449951, 85.13298892974854, -19.31254255771637 
SI, 67, 14.595373630523682, 85.16919612884521, 4.489131450653076 
SI, 68, 23.8146613240242, 85.0434799194336, 76.00567722320557 
SI, 69, -18.55484700202942, 85.10023212432861, 2.035666063427925 
SI, 70, -27.185116469860077, 85.04497909545898, 76.03723478317261 
SI, 71, 23.97237917780876, 85.08712577819824, -42.50665068626404 
SI, 72, 74.8056640625, 85.04279899597168, 27.585854649543762 
SI, 73, -73.37444019317627, 85.04575538635254, -23.177417904138565 
SI, 74, -16.28220772743225, 85.09375667572021, -7.568448230624199 
SI, 75, -21.763408690690994, 85.04484748840332, -75.8426718711853 
SI, 76, -34.6375412940979, 85.09108638763428, 6.194162905216217 
SI, 77, 25.56310984492302, 85.04348182678223, -75.85620832443237 
SI, 78, -76.76351976394653, 85.04580402374268, 26.41181692481041 
SI, 79, 25.710655391216278, 85.08337306976318, 33.294642090797424 
SI, 80, 74.521484375, 85.04288387298584, -21.98535907268524 
SI, 81, -16.913046836853027, 85.09124374389648, -21.235151290893555 
SI, 82, -28.020931005477905, 85.09020519256592, -28.553369760513306 
SI, 83, -34.03869980573654, 85.09046745300293, 31.59293708205223 
SI, 84, -6.861505836248398, 85.0890007019043, -38.567758560180664 
SI, 85, -21.346991419792175, 85.08987998962402, -37.28166127204895 
SI, 86, 3.801034688949585, 85.08830642700195, -43.56285858154297 
SI, 87, -14.15551382303238, 85.08943176269531, -47.477787017822266 
SI, 88, -40.2713348865509, 85.09099197387695, -15.927888810634613 
SI, 89, -5.077087193727493, 75.26037120819092, 16.18316113948822 
SI, 90, -22.431217908859253, 75.1044454574585, -14.806453466415405 
SI, 91, -10.469441801309586, 75.26167392730713, -14.703140497207642 
SI, 92, -11.721992284059525, 75.40259647369385, -5.975924104452135 
SI, 93, -9.641551457345486, 75.1175308227539, -26.820229291915894 
SI, 94, 9.222279131412506, 75.1146297454834, -29.231866598129272 
SI, 95, 39.246429204940796, 75.1138391494751, -18.322675943374634 
SI, 96, 21.686772346496582, 75.11813449859619, -22.89687430858612 
SI, 97, 16.159101843833923, 75.20957469940186, -9.032564163208008 
SI, 98, 75.16309547424316, 75.02701377868652, 75.72135782241821 
SI, 99, 74.90067052841187, 75.02717208862305, -73.85895681381226 
SI, 100, 6.531609505414963, 75.28571891784668, 15.04285728931427 
SI, 101, -72.46483373641968, 75.0288610458374, -73.80291652679443 
SI, 102, -0.586152695119381, 75.11179447174072, -29.17501997947693 
SI, 103, -18.15168523788452, 75.12851524353027, 13.855043709278107 
SI, 104, -75.87439203262329, 75.02886009216309, 75.78023052215576 
SI, 105, 24.58468008041382, 75.09556198120117, 9.483153820037842 
SI, 106, -11.998309999704361, 75.4147253036499, 5.981038123369216 
SI, 107, -7.9039459228515625, 75.10482025146484, 27.976986408233643 
SI, 108, -1.4963350221514702, 75.3102970123291, -17.171090483665466 
SI, 109, -27.934165239334106, 75.10682392120361, -4.784502953290939 
SI, 110, 6.88357762247324, 75.1660852432251, -19.82116162776947 
SI, 111, 15.690898418426514, 75.19406795501709, 4.765505790710449 
SI, 112, 23.914224863052368, 75.05506038665771, 76.1576795578003 
SI, 113, -18.421173572540283, 75.10240173339844, 2.7526125609874725 
SI, 114, -27.123262643814087, 75.05690670013428, 76.21655225753784 
SI, 115, 24.47372743487358, 75.11030578613281, -42.59937071800232 
SI, 116, 74.97605466842651, 75.05413436889648, 27.676722407341003 
SI, 117, -73.29431867599487, 75.05792045593262, -23.004392862319946 
SI, 118, -16.28438627719879, 75.08819675445557, -7.683876842260361 
SI, 119, -21.616953164339066, 75.05674934387207, -75.82663297653198 
SI, 120, -34.40795016288757, 75.11667251586914, 6.868771344423294 
SI, 121, 25.748551100492477, 75.05506038665771, -75.8826732635498 
SI, 122, -76.70387697219849, 75.0579195022583, 26.57875418663025 
SI, 123, 26.005512356758118, 75.10324001312256, 33.72771489620209 
SI, 124, 74.71362972259521, 75.05429267883301, -21.903592228889465 
SI, 125, -16.63274645805359, 75.11834716796875, -21.862834930419922 
SI, 126, -27.77146005630493, 75.11350727081299, -28.60500168800354 
SI, 127, -33.88261151313782, 75.11463165283203, 32.02692270278931 
SI, 128, -6.343842923641205, 75.11263847351074, -38.88227128982544 
SI, 129, -21.00018036365509, 75.11378288269043, -37.57956790924072 
SI, 130, 4.360795885324478, 75.111741065979, -43.79321527481079 
SI, 131, -13.784888416528702, 75.11316776275635, -47.565776348114014 
SI, 132, -40.07193970680237, 75.1145133972168, -15.4798564016819 
SI, 133, -4.764795035123825, 65.24817419052124, 17.055281043052673 
SI, 134, -22.289727926254272, 65.10656404495239, -14.781555473804474 
SI, 135, -10.289509981870651, 65.2519211769104, -15.395495176315308 
SI, 136, -12.01698848605156, 65.4117922782898, -6.314754359424114 
SI, 137, -9.258750891312957, 65.12000608444214, -27.41659688949585 
SI, 138, 9.820485532283783, 65.1161904335022, -29.511632204055786 
SI, 139, 39.74518656730652, 65.11797618865967, -18.300514042377472 
SI, 140, 22.342188954353333, 65.12290954589844, -23.061115026474 
SI, 141, 17.058231234550476, 65.211434841156, -9.281863451004028 
SI, 142, 75.20844650268555, 65.0272421836853, 75.74434852600098 
SI, 143, 74.96405220031738, 65.02745342254639, -73.8431224822998 
SI, 144, 7.103713542222977, 65.2676887512207, 15.742258906364441 
SI, 145, -72.43456029891968, 65.02903938293457, -73.75360298156738 
SI, 146, -0.05073515139520168, 65.11248731613159, -29.555880308151245 
SI, 147, -17.928804516792297, 65.13241815567017, 14.60311222076416 
SI, 148, -75.86031198501587, 65.02900743484497, 75.82457208633423 
SI, 149, 25.102104663848877, 65.09258890151978, 9.790990650653839 
SI, 150, -12.198355168104172, 65.4255952835083, 6.552368052303791 
SI, 151, -7.720503747463226, 65.103515625, 28.52947211265564 
SI, 152, -0.9026078637689352, 65.30092239379883, -17.93151307106018 
SI, 153, -27.733920097351074, 65.10992813110352, -4.30918163061142 
SI, 154, 7.624949360266328, 65.16883993148804, -20.25409460067749 
SI, 155, 16.549567461013794, 65.19006013870239, 4.996780276298523 
SI, 156, 23.989793360233307, 65.05555582046509, 76.27549314498901 
SI, 157, -18.385643482208252, 65.1294469833374, 3.3123572543263435 
SI, 158, -27.07896512746811, 65.05732107162476, 76.35571670532227 
SI, 159, 24.864117294549942, 65.11124229431152, -42.67905592918396 
SI, 160, 75.11078071594238, 65.0545220375061, 27.746510922908783 
SI, 161, -73.2347559928894, 65.05829763412476, -22.869778156280518 
SI, 162, -16.39932870864868, 65.11259984970093, -7.77707426995039 
SI, 163, -21.5062138736248, 65.05713176727295, -75.81663513183594 
SI, 164, -34.23732805252075, 65.11854124069214, 7.396521806716919 
SI, 165, 25.89239862561226, 65.05554580688477, -75.90615463256836 
SI, 166, -76.6605076789856, 65.05826568603516, 26.708396911621094 
SI, 167, 26.230091512203217, 65.1023063659668, 34.06335324048996 
SI, 168, 74.86638641357422, 65.05473327636719, -21.840960085392 
SI, 169, -16.45325469970703, 65.12092924118042, -22.355283617973328 
SI, 170, -27.592336654663086, 65.1139645576477, -28.647080183029175 
SI, 171, -33.76976531744003, 65.11561155319214, 32.36436057090759 
SI, 172, -5.95501384139061, 65.1134705543518, -39.14096260070801 
SI, 173, -20.74224579334259, 65.11457872390747, -37.81832766532898 
SI, 174, 4.784693658351898, 65.11257934570312, -43.986639976501465 
SI, 175, -13.504729747772217, 65.1139554977417, -47.64231824874878 
SI, 176, -39.922919034957886, 65.11498832702637, -15.13036024570465 
SI, 177, -4.699099600315094, 55.202362060546875, 17.697434544563293 
SI, 178, -22.294037103652954, 55.099268436431885, -14.766892433166504 
SI, 179, -10.370574176311493, 55.20889139175415, -15.915701866149902 
SI, 180, -12.48512989282608, 55.390567779541016, -6.585132755339146 
SI, 181, -9.06232650578022, 55.104358196258545, -27.860893726348877 
SI, 182, 10.219330906867981, 55.100266456604004, -29.753854990005493 
SI, 183, 40.113428354263306, 55.10479021072388, -18.2919163107872 
SI, 184, 22.81361722946167, 55.109246253967285, -23.205133020877838 
SI, 185, 17.701263427734375, 55.18825149536133, -9.50584751367569 
SI, 186, 75.23981189727783, 55.02350091934204, 75.7605652809143 
SI, 187, 75.0099778175354, 55.02372121810913, -73.83236074447632 
SI, 188, 7.373054563999176, 55.220324993133545, 16.3010231256485 
SI, 189, -72.42268323898315, 55.02490949630737, -73.71923065185547 
SI, 190, 0.28435270488262177, 55.096660137176514, -29.86739492416382 
SI, 191, -17.852009534835815, 55.11256217956543, 15.131550431251526 
SI, 192, -75.85588455200195, 55.02487516403198, 75.8558874130249 
SI, 193, 25.450133204460144, 55.07796001434326, 10.014839351177216 
SI, 194, -12.57331758737564, 55.40129518508911, 6.978252492845058 
SI, 195, -7.657362878322601, 55.08827066421509, 28.919591426849365 
SI, 196, -0.6288219839334488, 55.25483512878418, -18.540064811706543 
SI, 197, -27.66855478286743, 55.10244655609131, -3.9732312709093094 
SI, 198, 8.105730161070824, 55.14888334274292, -20.631840705871582 
SI, 199, 17.159916281700134, 55.165536403656006, 5.195378839969635 
SI, 200, 24.030671656131744, 55.04787492752075, 76.3586573600769 
SI, 201, -18.511866331100464, 55.165513038635254, 3.704406701028347 
SI, 202, -27.06502479314804, 55.04924917221069, 76.4539794921875 
SI, 203, 25.137171655893326, 55.09588575363159, -42.750186920166016 
SI, 204, 75.20376586914062, 55.04690361022949, 27.79577887058258 
SI, 205, -73.21260643005371, 55.05001640319824, -22.774373680353165 
SI, 206, -16.67751669883728, 55.151877880096436, -7.850149072706699 
SI, 207, -21.441390842199326, 55.04908466339111, -75.81504535675049 
SI, 208, -34.177900075912476, 55.102285861968994, 7.770389094948769 
SI, 209, 25.99127021431923, 55.04789638519287, -75.92817544937134 
SI, 210, -76.64580774307251, 55.04998207092285, 26.800744384527206 
SI, 211, 26.354436218738556, 55.08729314804077, 34.300843834877014 
SI, 212, 74.9739317893982, 55.04712390899658, -21.797147154808044 
SI, 213, -16.43752658367157, 55.10526752471924, -22.709519028663635 
SI, 214, -27.53557252883911, 55.0979642868042, -28.67992663383484 
SI, 215, -33.73234957456589, 55.09947395324707, 32.60323652625084 
SI, 216, -5.718559205532074, 55.09760761260986, -39.34935665130615 
SI, 217, -20.61318349838257, 55.098517417907715, -37.99814224243164 
SI, 218, 5.062903136014938, 55.09688854217529, -44.15099334716797 
SI, 219, -13.337009280920029, 55.09795045852661, -47.71250772476196 
SI, 220, -39.869484424591064, 55.098742961883545, -14.882923111319542 
SI, 221, -4.839456677436829, 45.13800859451294, 18.07472562789917 
SI, 222, -22.44629144668579, 45.07177543640137, -14.763318121433258 
SI, 223, -10.580373048782349, 45.1428747177124, -16.225559949874878 
SI, 224, -12.840878129005432, 45.27255964279175, -6.743577312678099 
SI, 225, -9.087353186681867, 45.07626819610596, -28.153890132904053 
SI, 226, 10.418901175260544, 45.07314443588257, -29.962461709976196 
SI, 227, 40.346723556518555, 45.0796103477478, -18.299661815166473 
SI, 228, 23.102312207221985, 45.08281946182251, -23.33137410879135 
SI, 229, 18.090526223182678, 45.146870136260986, -9.705592691898348 
SI, 230, 75.2554669380188, 45.017215728759766, 75.76914024353027 
SI, 231, 75.03712606430054, 45.01739740371704, -73.82733631134033 
SI, 232, 7.408421993255615, 45.154128074645996, 16.680274486541748 
SI, 233, -72.43605947494507, 45.01803255081177, -73.70051050186157 
SI, 234, 0.40860010497272015, 45.07027244567871, -30.11248755455017 
SI, 235, -17.97316336631775, 45.0823335647583, 15.44229507446289 
SI, 236, -75.86286163330078, 45.01800489425659, 75.87429809570312 
SI, 237, 25.6139053106308, 45.05750322341919, 10.14977103471756 
SI, 238, -12.901684165000916, 45.2805438041687, 7.229531217366457 
SI, 239, -7.740232825279236, 45.06442642211914, 29.14934515953064 
SI, 240, -0.6109278965741396, 45.1819052696228, -18.961683750152588 
SI, 241, -27.79010844230652, 45.07428169250488, -3.779285743832588 
SI, 242, 8.325255675241351, 45.11401128768921, -20.957479596138 
SI, 243, 17.519005179405212, 45.12775421142578, 5.358763635158538 
SI, 244, 24.031285405158997, 45.03492832183838, 76.40661954879761 
SI, 245, -18.722798705101013, 45.122469425201416, 3.9341071732342243 
SI, 246, -27.087043166160583, 45.035717487335205, 76.51177740097046 
SI, 247, 25.292507767677307, 45.07006120681763, -42.815314292907715 
SI, 248, 75.2498083114624, 45.034260749816895, 27.821894645690918 
SI, 249, -73.24161863327026, 45.03619718551636, -22.720181941986084 
SI, 250, -16.937244772911072, 45.1121506690979, -7.894973289221525 
SI, 251, -21.428963661193848, 45.03565073013306, -75.82310342788696 
SI, 252, -34.26953935623169, 45.07457494735718, 7.9889635890722275 
SI, 253, 26.044221878051758, 45.03501558303833, -75.94992923736572 
SI, 254, -76.66842079162598, 45.03616952896118, 26.854626655578613 
SI, 255, 26.362685441970825, 45.06377363204956, 34.437230587005615 
SI, 256, 75.03146743774414, 45.03444242477417, -21.774581909179688 
SI, 257, -16.589014410972595, 45.07703876495361, -22.92457365989685 
SI, 258, -27.634895086288452, 45.07094192504883, -28.70523738861084 
SI, 259, -33.787859320640564, 45.07223606109619, 32.743712186813354 
SI, 260, -5.648290455341339, 45.071038246154785, -39.50952768325806 
SI, 261, -20.644487261772156, 45.07161045074463, -38.12063026428223 
SI, 262, 5.195159375667572, 45.070603370666504, -44.28876495361328 
SI, 263, -13.295190244913101, 45.071199893951416, -47.77851152420044 
SI, 264, -39.94958138465881, 45.0713472366333, -14.74121679365635 
SI, 265, -5.177083492279053, 35.06417727470398, 18.182533264160156 
SI, 266, -22.75086998939514, 35.039987325668335, -14.772001206874847 
SI, 267, -10.954103112220764, 35.06588172912598, -16.323800921440125 
SI, 268, -13.171223282814026, 35.12992262840271, -6.793397706001998 
SI, 269, -9.324881234322675, 35.042125940322876, -28.29457998275757 
SI, 270, 10.419804334640503, 35.04141426086426, -30.135624647140503 
SI, 271, 40.4455509185791, 35.048524141311646, -18.32396274805069 
SI, 272, 23.20795476436615, 35.0501663684845, -23.438763916492462 
SI, 273, 18.229212641716003, 35.09536170959473, -9.875771820545195 
SI, 274, 75.255615234375, 35.00987243652344, 75.76990270614624 
SI, 275, 75.04575300216675, 35.00998401641846, -73.82822561264038 
SI, 276, 7.212285041809082, 35.08101153373718, 16.87354612350464 
SI, 277, -72.47118806838989, 35.0100519657135, -73.69632530212402 
SI, 278, 0.3253154371632263, 35.03956842422485, -30.28952980041504 
SI, 279, -18.272783875465393, 35.045573234558105, 15.528505563735962 
SI, 280, -75.88079071044922, 35.010008335113525, 75.87951517105103 
SI, 281, 25.5955011844635, 35.03488898277283, 10.193668782711029 
SI, 282, -13.24055004119873, 35.13410210609436, 7.3006716556847095 
SI, 283, -7.961562156677246, 35.03683638572693, 29.214268445968628 
SI, 284, -0.843475618516095, 35.09676790237427, -19.190016984939575 
SI, 285, -28.078623056411743, 35.041115522384644, -3.7309656590223312 
SI, 286, 8.289695522631519, 35.072946071624756, -21.22446584701538 
SI, 287, 17.630728363990784, 35.08310675621033, 5.48165363073349 
SI, 288, 23.992878675460815, 35.01981806755066, 76.41858291625977 
SI, 289, -19.060618042945862, 35.062819719314575, 3.993526119738817 
SI, 290, -27.143527269363403, 35.01995396614075, 76.52819538116455 
SI, 291, 25.331007957458496, 35.03987526893616, -42.87398815155029 
SI, 292, 75.24953842163086, 35.019587993621826, 27.824376344680786 
SI, 293, -73.31603908538818, 35.02013826370239, -22.706677049398422 
SI, 294, -17.26968264579773, 35.05755829811096, -7.914995651692152 
SI, 295, -21.46512544155121, 35.020015478134155, -75.83943557739258 
SI, 296, -34.497928619384766, 35.04143261909485, 8.04750756919384 
SI, 297, 26.051815629005432, 35.01994752883911, -75.97133588790894 
SI, 298, -76.72564172744751, 35.02009463310242, 26.869163423776627 
SI, 299, 26.25810170173645, 35.036723375320435, 34.4702582359314 
SI, 300, 75.03967618942261, 35.019699573516846, -21.773751974105835 
SI, 301, -16.914870738983154, 35.042601346969604, -23.000344276428223 
SI, 302, -27.88006281852722, 35.039761543273926, -28.72345209121704 
SI, 303, -33.93130445480347, 35.040287017822266, 32.78288999199867 
SI, 304, -5.7382142543792725, 35.0400333404541, -39.62052774429321 
SI, 305, -20.82539129257202, 35.040141582489014, -38.18514275550842 
SI, 306, 5.183247804641724, 35.03992438316345, -44.39867639541626 
SI, 307, -13.371440827846527, 35.04002904891968, -47.83824396133423 
SI, 308, -40.14795422554016, 35.03985571861267, -14.706071570515633 
SI, 309, -5.665484130382538, 24.99421453475952, 18.012223720550537 
SI, 310, -23.169079780578613, 25.010777473449707, -14.784859716892242 
SI, 311, -11.444830596446991, 24.994445323944092, -16.200512766838074 
SI, 312, -13.442101538181305, 25.00253129005432, -6.727592281997204 
SI, 313, -9.74706509069074, 25.01122260093689, -28.27534008026123 
SI, 314, 10.217983305454254, 25.01200532913208, -30.26673722267151 
SI, 315, 40.41384482383728, 25.018149852752686, -18.362199902534485 
SI, 316, 23.126718521118164, 25.018489837646484, -23.52323865890503 
SI, 317, 18.11400544643402, 25.042372703552246, -10.011191368103027 
SI, 318, 75.24222660064697, 25.00302267074585, 75.7635383605957 
SI, 319, 75.03716707229614, 25.003060579299927, -73.83446550369263 
SI, 320, 6.814023792743683, 25.011741638183594, 16.873887538909912 
SI, 321, -72.5245041847229, 25.00265908241272, -73.70793104171753 
SI, 322, 0.0392707948340103, 25.01108145713806, -30.391630172729492 
SI, 323, -18.71288788318634, 25.0115704536438, 15.386256217956543 
SI, 324, -75.90749406814575, 25.002586126327515, 75.87093305587769 
SI, 325, 25.411855936050415, 25.01265287399292, 10.148228526115417 
SI, 326, -13.551812469959259, 25.003000020980835, 7.18861598521471 
SI, 327, -8.294044554233551, 25.010682344436646, 29.10709309577942 
SI, 328, -1.2978505726205185, 25.01690411567688, -19.213863372802734 
SI, 329, -28.4954674243927, 25.01080012321472, -3.8231108635663986 
SI, 330, 7.997596121276729, 25.034315586090088, -21.42386817932129 
SI, 331, 17.49813139438629, 25.037041187286377, 5.562606096267701 
SI, 332, 23.92207843065262, 25.005793809890747, 76.39386940002441 
SI, 333, -19.486788630485535, 25.012218475341797, 3.8866665437817574 
SI, 334, -27.227642238140106, 25.005357265472412, 76.5012640953064 
SI, 335, 25.25112536549568, 25.01174545288086, -42.92293405532837 
SI, 336, 75.20886278152466, 25.00589942932129, 27.805206656455994 
SI, 337, -73.4269323348999, 25.00526213645935, -22.734809517860413 
SI, 338, -17.641722798347473, 25.01167106628418, -7.903478495776653 
SI, 339, -21.547405809164047, 25.005493640899658, -75.86443376541138 
SI, 340, -34.83280944824219, 25.010839223861694, 7.946478143334389 
SI, 341, 26.014265447854996, 25.005895137786865, -75.99096822738647 
SI, 342, -76.80992221832275, 25.005189180374146, 26.844054579734802 
SI, 343, 26.059949815273285, 25.011138677597046, 34.399410367012024 
SI, 344, 75.00380325317383, 25.005937337875366, -21.792797207832336 
SI, 345, -17.37440288066864, 25.011338472366333, -22.927995562553406 
SI, 346, -28.23943543434143, 25.010791540145874, -28.72978115081787 
SI, 347, -34.144690692424774, 25.010704517364502, 32.71737778186798 
SI, 348, -5.981917232275009, 25.011204957962036, -39.67801380157471 
SI, 349, -21.134937286376953, 25.010953426361084, -38.18872833251953 
SI, 350, 5.023578345775604, 25.01137614250183, -44.47656774520874 
SI, 351, -13.560868382453918, 25.01106548309326, -47.89086389541626 
SI, 352, -40.438798904418945, 25.010596990585327, -14.776010021567345 
SI, 353, -6.323799014091492, 14.943198204040527, 17.597596764564514 
SI, 354, -23.648197412490845, 14.991020441055298, -14.806232452392578 
SI, 355, -12.07582551240921, 14.943877458572388, -15.891430497169495 
SI, 356, -13.744244515895844, 14.925908088684082, -6.581460922956467 
SI, 357, -10.308514788746834, 14.99107038974762, -28.090548515319824 
SI, 358, 9.816982060670853, 14.99194860458374, -30.344221591949463 
SI, 359, 40.256043910980225, 14.995930790901184, -18.413015067577362 
SI, 360, 22.858790159225464, 14.99562132358551, -23.577213883399963 
SI, 361, 17.738120913505554, 14.997356414794922, -10.105278730392456 
SI, 362, 75.21689414978027, 14.99826431274414, 75.7496132850647 
SI, 363, 75.01258277893066, 14.998255133628845, -73.84610223770142 
SI, 364, 6.1586689949035645, 14.961198806762695, 16.709972262382507 
SI, 365, -72.58971214294434, 14.997607827186584, -73.73618078231812 
SI, 366, -0.4335823506116867, 14.991504907608032, -30.408040046691895 
SI, 367, -19.2337429523468, 14.989196538925171, 15.015129566192627 
SI, 368, -75.9392638206482, 14.997515320777893, 75.84873628616333 
SI, 369, 25.08485645055771, 14.99507474899292, 10.010778248310089 
SI, 370, -13.919616043567657, 14.924246072769165, 6.925173670053482 
SI, 371, -8.691648542881012, 14.99198293685913, 28.830069065093994 
SI, 372, -2.026117578148842, 14.961154103279114, -19.062009930610657 
SI, 373, -28.986651182174683, 14.990671157836914, -4.060530751943588 
SI, 374, 7.447578057646751, 15.008833289146423, -21.543570160865784 
SI, 375, 17.119875073432922, 14.9962637424469, 5.597542762756348 
SI, 376, 23.82845163345337, 14.99613893032074, 76.33247137069702 
SI, 377, -19.945929169654846, 14.986092567443848, 3.60924568772316 
SI, 378, -27.327706336975098, 14.995389938354492, 76.43159437179565 
SI, 379, 25.05588185787201, 14.992303371429443, -42.95785641670227 
SI, 380, 75.13294219970703, 14.996406197547913, 27.763441741466522 
SI, 381, -73.56055974960327, 14.995121121406555, -22.805872708559036 
SI, 382, -18.007506847381592, 14.987998723983765, -7.864483088254929 
SI, 383, -21.66877269744873, 14.995528221130371, -75.89743900299072 
SI, 384, -35.229764223098755, 14.99035382270813, 7.683935880661011 
SI, 385, 25.93352222442627, 14.996175527572632, -76.00736045837402 
SI, 386, -76.91011142730713, 14.995028614997864, 26.77904435992241 
SI, 387, 25.795123398303986, 14.992812871932983, 34.2242676615715 
SI, 388, 74.92863082885742, 14.996397018432617, -21.83227378129959 
SI, 389, -17.909400582313538, 14.990926504135132, -22.70850646495819 
SI, 390, -28.667357206344604, 14.990811467170715, -28.726060390472412 
SI, 391, -34.39894366264343, 14.990593075752258, 32.548077553510666 
SI, 392, -6.361368775367737, 14.99139392375946, -39.67525386810303 
SI, 393, -21.537764191627502, 14.9909747838974, -38.12872076034546 
SI, 394, 4.721230149269104, 14.991713285446167, -44.51485776901245 
SI, 395, -13.848552793264389, 14.991181254386902, -47.9332389831543 
SI, 396, -40.78533434867859, 14.990453958511353, -14.954642415046692 
SI, 397, -7.110579967498779, 4.935883808881044, 16.851003885269165 
SI, 398, -24.209418296813965, 4.992071151733398, -14.829392075538635 
SI, 399, -12.800896406173706, 4.936471749097109, -15.309896349906921 
SI, 400, -13.981806993484497, 4.935987149365246, -6.297691963613033 
SI, 401, -11.061650052666664, 4.992230534553528, -27.712884426116943 
SI, 402, 9.16953057050705, 4.99256706237793, -30.384090423583984 
SI, 403, 39.97953176498413, 4.9939411878585815, -18.48465669155121 
SI, 404, 22.39100217819214, 4.993726134300232, -23.610777258872986 
SI, 405, 17.069406807422638, 4.9770951475948095, -10.168497681617737 
SI, 406, 75.17917394638062, 4.998304843902588, 75.72588634490967 
SI, 407, 74.9724988937378, 4.998293995857239, -73.86513757705688 
SI, 408, 5.267069756984711, 4.955313926562667, 16.32015562057495 
SI, 409, -72.66700220108032, 4.997945427894592, -73.78125715255737 
SI, 410, -1.1491719037294388, 4.99239444732666, -30.34519624710083 
SI, 411, -19.864930152893066, 4.9909656047821045, 14.367081880569458 
SI, 412, -75.9778151512146, 4.997897028923035, 75.80972051620483 
SI, 413, 24.59377133846283, 4.994103193283081, 9.760477066040039 
SI, 414, -14.255362033843994, 4.934916411526501, 6.442128278315067 
SI, 415, -9.176387071609497, 4.992655277252197, 28.347845554351807 
SI, 416, -3.016745761036873, 4.9547671135514975, -18.675169348716736 
SI, 417, -29.57559561729431, 4.9918928146362305, -4.470508247613907 
SI, 418, 6.558253809809685, 5.010658102110028, -21.602426767349243 
SI, 419, 16.467775285243988, 4.9771442618221045, 5.584028244018555 
SI, 420, 23.70762872695923, 4.996406435966492, 76.22600793838501 
SI, 421, -20.468916654586792, 4.989585638046265, 3.124937631189823 
SI, 422, -27.449360370635986, 4.9959986209869385, 76.30984210968018 
SI, 423, 24.745523393154144, 4.9927966594696045, -42.98028874397278 
SI, 424, 75.01985120773315, 4.996554970741272, 27.691685914993286 
SI, 425, -73.71860361099243, 4.995841860771179, -22.923928320407867 
SI, 426, -18.387269735336304, 4.990777492523193, -7.780549667775631 
SI, 427, -21.83073979616165, 4.996061086654663, -75.93781471252441 
SI, 428, -35.705697774887085, 4.991755723953247, 7.228589326143265 
SI, 429, 25.808761298656464, 4.99640965461731, -76.02169513702393 
SI, 430, -77.02941656112671, 4.995793461799622, 26.66704934835434 
SI, 431, 25.44879150390625, 4.993121385574341, 33.9187707901001 
SI, 432, 74.81317615509033, 4.996544122695923, -21.899338006973267 
SI, 433, -18.552509546279907, 4.992117643356323, -22.30220878124237 
SI, 434, -29.183268070220947, 4.991974711418152, -28.703381299972534 
SI, 435, -34.70396542549133, 4.991889119148254, 32.25543636083603 
SI, 436, -6.903090685606003, 4.992303967475891, -39.60674285888672 
SI, 437, -22.056589603424072, 4.992076754570007, -37.98836803436279 
SI, 438, 4.260463923215866, 4.992479085922241, -44.5142183303833 
SI, 439, -14.24479004740715, 4.9921897649765015, -47.961838245391846 
SI, 440, -41.198131799697876, 4.991781949996948, -15.25786218047142 
